version https://git-lfs.github.com/spec/v1
oid sha256:fa08d58158c71e4669573b96b57deffde8f37c468b2b426e8bfcdb4a85a71749
size 227
